1961	108.2
1962	223.1
1963	197.1
1964	209.1
1965	116
1966	133.8
1967	103.4
1968	86.6
1969	65.8
1970	190.6
1971	185.5
1972	218.6
1973	119.4
1974	197.8
1975	201.8
1976	90
1977	113
1978	240
1979	94.7
1980	175.2
1981	99.8
1982	279.5
1983	204.9
1984	139.3
1985	129.8
1986	223.9
1987	123.4
1988	174.8
1989	222.7
1990	254.6
1991	104.3
1992	85.5
1993	68.5
1994	142.8
1995	110.8
1996	217.6
1997	130.4
1998	79.5
1999	226.4
2000	226
2001	134.5
2002	144.5
2003	136.1
2004	165.1
2005	267.1
2006	162
2007	344.6
2008	119.7
2009	234.2
2010	131.8
2011	212.6
2012	209.4
2013	324.4
2014	94.6
2015	179.5
2016	122.3
2017	149
2018	224.7
2019	245
2020	121.2
2021	212.4
2022	265.2
2023	161.8
2024	104.7
2025	300.8