1961	101
1962	177.6
1963	473
1964	158.5
1965	104.1
1966	118.2
1967	159
1968	89
1969	201.5
1970	191.3
1971	290.4
1972	325
1973	192.4
1974	130.7
1975	109.7
1976	91.2
1977	92.1
1978	297.5
1979	158.8
1980	155.7
1981	144.2
1982	112
1983	299.7
1984	215.6
1985	113.7
1986	122.5
1987	133.9
1988	320.1
1989	168.3
1990	168.3
1991	289.4
1992	116.1
1993	710.1
1994	122.9
1995	122.1
1996	353.4
1997	104.3
1998	66
1999	250.4
2000	212.2
2001	164.7
2002	176.3
2003	101.7
2004	179.8
2005	201
2006	181.6
2007	165.5
2008	153.2
2009	229.3
2010	256.4
2011	110.9
2012	201.8
2013	316.9
2014	199.5
2015	166.8
2016	182.9
2017	207.5
2018	201.8
2019	213.8
2020	143.1
2021	336.9
2022	346.3
2023	129.3
2024	135.5
2025	158.9