1977	84.6
1978	343.7
1979	173.0
1980	164.7
1981	210.0
1982	92.0
1983	105.5
1984	89.3
1985	145.3
1986	265.5
1987	67.0
1988	148.1
1989	122.0
1990	94.8
1991	220.1
1992	123.6
1993	118.3
1994	120.2
1995	182.5
1996	300.3
1997	88.3
1998	179.0
1999	144.1
2000	192.6
2001	131.1
2002	161.2
2003	198.6
2004	51.5
2005	145.7
2006	129.2
2007	162.0
2008	163.0
2009	252.5
2010	175.3
2011	85.7
2012	148.7
2013	224.4
2014	42.6
2015	155.4
2016	166.5
2017	122.1
2018	167.9
2019	142.6
2020	189.5
2021	191.5
2022	105.2
2023	82.3
2024	75.0
2025	295.4